best_clustering_threshold = 0.630991254728295
best_segmentation_threshold = 0.5085086329374284
